905
1521
2125
1425
1378
1741
739
27
2117
629
389
1226
1843
2207
1422
924
621
2172
1270
760
2494
1229
1878
2244
2701
1358
418
1244
1227
9
2322
4
613
1698
1224
1606
239
1448
43
1582
19
2627
2935
527
1897
2032
2165
2878
495
1334
429
2577
645
2432
818
2922
2900
2315
1096
1670
130
925
1246
373
327
1597
1039
2351
941
1930
2075
798
1870
2135
2997
1673
783
2168
290
855
1899
1698
1898
1166
481
1315
2625
444
111
2249
706
524
908
582
2886
2416
1870
2612
2355
1608
467
1155
2402
2542
1123
278
1523
2389
1305
1080
1677
162
2924
247
2519
1955
2838
1868
66
297
2639
1510
1826
2641
530
699
1332
341
762
1677
1084
1723
388
1886
47
2832
1110
2167
2020
1993
1658
1791
2795
2113
2664
408
15
1989
867
1757
1809
1955
1624
174
663
2457
2287
155
2702
1004
2694
158
1033
1355
1376
839
1308
2887
1506
881
139
2375
1733
461
1658
1928
2194
2199
1592
545
269
2509
123
595
2792
2441
2525
578
2511
2899
2704
2026
385
2274
656
908
661
1578
2238
1895
1951
1039
584
1774
1712
2349
600
370
367
2015
2946
2386
2628
1401
707
2255
2547
786
1569
2157
387
2703
2756
2389
292
2113
2090
1855
2116
1770
2467
875
669
1834
246
2808
2032
1152
1125
2935
2530
1025
2643
2262
2496
1905
669
455
199
1985
1978
967
2503
789
2584
2477
1915
1413
1802
456
2718
2409
330
1874
23
1466
1913
2542
1123
2995
2096
162
258
2980
953
2741
1008
2682
2280
1437
1488
866
1289
1527
2040
839
2858
553
1936
1991
1845
2260
2403
467
380
193
2371
568
38
2791
1208
717
2932
1302
817
2717
762
2652
2152
2286
317
2531
721
2825
2578
1288
2299
2702
2703
1271
2813
1382
1873
211
1180
143
2434
1475
2747
1493
1718
80
2750
2335
735
677
2595
1964
2360
2544
1868
191
1376
146
2394
2227
1267
2496
2785
1937
696
2228
2149
756
1758
2205
2272
1844
2743
2600
315
2393
2024
2134
39
1737
2338
1334
2347
1212
2000
2968
1357
1828
1904
970
604
733
1364
2230
2762
1200
363
101
189
1686
2158
532
1474
110
1412
1529
2951
1532
2712
1842
2840
1556
2279
2343
2952
2075
729
1116
2562
829
909
494
1864
1117
2537
675
2574
2031
1578
66
393
1164
1890
2205
1019
1162
1914
677
2519
419
1305
1774
1227
816
1102
1838
1523
2382
2597
467
2757
1837
219
887
2397
2043
2298
182
651
1149
2976
427
2948
2015
2842
1610
582
36
2437
507
692
1815
2938
796
306
1685
488
2740
297
901
1619
779
1692
2691
2698
807
2634
1229
1265
446
395
155
1035
2689
2532
2272
368
1881
1482
1612
23
1269
2408
2232
762
2825
420
661
1694
2582
960
2561
2369
956
1374
1430
1127
946
1258
2562
1743
1699
1653
1425
2736
817
213
2599
2183
752
1428
240
2404
2629
304
896
2283
1694
2542
2845
2143
911
187
2297
685
1570
1891
2735
1956
2543
1358
1986
2511
2518
1499
737
1572
962
1780
2103
1823
523
1032
2148
2365
470
2789
2812
2564
670
1685
917
2877
2445
572
527
153
1420
1117
2454
1574
2624
618
2776
326
2106
1640
700
1280
1567
2866
2663
1074
853
1505
480
2401
1805
1062
2850
527
1222
2724
59
563
2882
1774
2847
2159
1134
1864
2776
409
935
2003
906
1323
2963
1575
1614
1063
2687
2537
346
2919
196
2249
2014
1841
834
1767
1870
783
132
2724
1410
2140
26
823
163
2880
2939
2254
72
654
24
866
2179
1020
256
2499
1303
1613
1033
1815
2018
2385
434
2249
1264
2336
1181
367
1619
560
392
2739
273
2562
1657
2030
1056
1200
530
2189
1795
950
1234
440
676
2263
2148
641
1359
2853
493
1587
764
2001
1899
1264
487
764
664
1915
2457
1215
39
620
419
2730
2908
1397
2267
1375
296
2411
2158
2740
1363
78
2297
444
2215
1574
524
2124
1853
1840
1269
202
1947
1835
2053
2350
531
2513
1726
1373
102
1115
1758
250
570
2345
848
298
2347
1611
829
690
564
932
2588
121
2292
2596
885
1035
1485
2618
1208
2755
2932
749
2408
2954
2540
2454
1977
2162
1858
1325
20
1419
1208
2244
2905
1478
1367
1179
1870
1570
2067
2305
2388
1057
850
1970
1250
2893
445
997
2627
1192
2894
622
1262
2811
2780
2354
2665
2150
978
772
799
1813
970
548
1266
2526
428
2229
1120
2964
2295
2673
2471
1926
535
2410
732
1563
2523
434
851
2038
2755
364
17
2801
1947
1306
2203
1973
1305
874
2690
190
953
487
2008
607
1458
2809
2234
897
366
694
143
615
1960
760
1101
656
1860
1710
1239
610
959
228
444
1928
558
1351
2847
2863
1742
641
2826
2950
1211
2403
1078
1996
2635
1922
2209
1742
968
552
1678
1459
592
148
2469
2927
2039
2112
327
543
414
1418
1122
2447
2278
54
149
2976
758
377
935
2312
641
37
2008
1464
2859
2924
2600
270
1171
248
2632
749
609
1346
2948
429
1853
2803
583
1843
2547
2880
856
2771
140
1524
2065
1560
2528
2867
2478
2133
1947
770
1411
1657
63
1549
80
1777
2426
2588
2662
797
257
1147
2403
1105
888
2237
1777
1283
2986
2601
2037
1001
2209
1140
1408
378
2654
1693
727
892
2734
2045
1704
1525
351
725
2373
2239
394
2046
432
1632
1400
2639
39
1005
772
2487
2446
2296
1781
2952
1965
1619
1254
1681
726
2149
1889
577
110
1909
497
2100
1393
1570
1140
180
1726
2570
94
2101
1645
2318
1850
620
1402
1158
92
1497
165
1675
1545
2173
155
2880
433
