5478
15757
13486
1367
19667
28101
18244
5010
27972
661
19532
25437
4986
17489
23718
1665
18839
10323
13431
9477
13910
19502
1273
3152
23332
28763
29233
5798
19917
16292
7672
21578
10989
14316
1348
6683
7429
20809
22738
29639
22343
22125
16822
24180
6329
3179
16363
13190
4360
13721
27043
28392
20368
6843
22754
26437
5052
9274
19311
13339
15086
5820
23693
27922
16319
10980
23869
16296
3675
4708
18595
6819
18959
6266
27776
720
28792
18784
8326
4546
24021
1038
22869
10558
17215
26715
12961
9438
22431
1110
26312
20310
28393
4380
24346
25121
20453
10626
26304
16511
25375
14504
16176
3393
22511
23457
24814
12602
2462
20858
14222
4063
21829
19760
24417
18152
28862
25345
24618
7381
16865
28266
4381
7341
22223
28924
16719
28864
27704
9538
22207
1636
16027
15900
17983
2847
19951
9375
20089
24639
3325
18941
1383
26378
14527
5865
5083
1083
2492
16589
17724
12905
25695
24710
11671
27083
13888
24606
5128
27263
8538
4255
473
29067
10922
7390
24010
15643
27287
20248
14363
11144
12704
23191
21244
24937
10806
961
543
25919
15678
7294
19410
8618
5065
29747
6483
17600
15996
29531
19978
29380
21121
3317
24348
13870
9234
19583
10969
13275
27488
19062
15839
14922
8868
22927
28001
3268
13598
25517
755
26898
7194
22671
26403
13145
494
6927
16132
6895
21373
16263
25836
5892
8149
15812
12479
15894
1056
9220
20845
12740
2635
11617
22357
6654
2692
21564
11462
5632
267
9053
15966
26080
3005
17181
3271
4195
9816
9079
12227
20324
19502
25140
16883
29245
22766
22193
15519
24502
18316
3933
9925
2422
25435
6813
10985
25597
29744
9391
12739
23912
19699
18766
11497
26966
6403
8688
17843
23040
8794
8266
23650
7752
18537
847
24472
5495
24277
1728
29134
4959
20746
29395
27421
19295
25353
87
8017
23792
22352
21876
8124
26816
25329
17722
1177
22645
5145
21060
6146
7136
11677
23923
3542
9305
25608
18829
1085
26741
9563
26256
24546
11498
15230
26611
20365
2481
19519
11301
29445
6010
23300
2138
6893
29518
1181
10019
13851
7539
24629
4146
8891
28292
18517
13483
5436
28321
17679
15605
23282
19558
12676
7491
7023
29093
21654
11630
10438
4874
21026
14657
10187
2417
19419
28057
22827
9877
29639
26539
476
2284
9836
4713
17677
14275
361
8929
15071
27470
4061
15941
3578
26427
20408
18865
24116
17177
8950
13165
21493
4613
23439
26857
2372
16667
5395
20602
21833
20361
24009
17586
6580
20935
10320
16711
8594
12673
28007
14045
3373
6707
17672
4344
20712
28297
7756
14873
5124
20374
3875
29909
17570
27351
12982
18541
28498
1919
28532
24265
24189
8955
20091
12814
21449
22505
13093
5367
7306
26246
8736
21999
22127
10966
19062
10750
28512
19117
28219
25628
18179
2140
20298
2139
13384
13439
16726
10976
17050
21512
7075
11425
23021
12653
27377
2034
25714
10111
14175
18246
17571
23674
25518
19567
8168
25816
21039
17317
18482
9715
27694
1756
29099
28203
26799
22304
15531
22867
27044
13410
12007
27135
22101
4801
24817
14693
25298
21725
12505
5422
20393
15888
18748
25571
21376
24464
3331
27910
14282
25829
9468
13223
20958
9246
15152
11300
8232
12732
28618
12912
1921
10757
2247
19120
14762
22667
18939
15674
13788
12401
19560
24705
28976
967
17958
8227
28031
5625
1062
6206
16307
23879
15796
12394
2730
18426
19775
2719
28655
10784
2065
26750
19382
25982
125
4987
28116
6233
3342
17989
18738
25854
273
25009
25537
25610
13228
22436
14470
9938
20911
15557
25199
4314
20859
27107
7748
1500
2417
15353
9787
20337
21763
11502
15058
22936
15116
29090
9339
9610
25110
5196
25029
20640
14380
24955
6539
9055
17482
24480
16032
1090
14151
20882
24680
553
12820
5561
9403
8459
7066
3705
8200
18058
16714
16097
12181
15395
23079
18687
8984
3891
21138
9163
5670
13266
24465
24743
4074
1542
5869
3815
20834
5419
7200
12169
6741
20705
2497
605
2836
13910
4151
10594
29022
20165
16204
21949
26355
3776
3425
7411
18167
29174
28000
15606
22859
26490
22349
9895
6569
22708
21895
19377
21084
14844
27035
20059
25800
282
13054
27611
18803
6491
1710
703
23797
26222
6209
17936
747
18764
23464
10405
23002
27119
21642
9465
12831
17724
15704
20426
27662
714
16959
12966
14992
24132
18346
29751
14557
19608
8735
20120
13073
23265
24691
13597
15317
10251
22610
28434
23901
9163
17366
17343
4628
23410
9297
19737
24434
21625
10133
19679
7521
20361
11417
20954
10877
2771
3246
4144
1155
2474
23632
4636
1815
22280
1288
22907
4153
14428
24501
10375
10697
24488
15917
25112
17041
5468
15961
676
19168
19257
13294
14129
12574
4969
13508
4324
20920
15326
27995
22092
8654
15321
7443
24967
8205
20157
19385
21071
8907
15746
18444
7766
10558
12139
10116
17182
12397
8907
10492
17974
4169
7907
19783
14697
13012
9473
22803
13690
5619
22128
14557
13357
25359
6035
21284
15991
3307
27943
431
18827
24301
1696
25774
8749
24624
10639
14036
20445
1707
5852
23154
8554
19266
15229
14130
20169
5432
6773
28443
8192
4410
1886
18432
27282
10852
4712
11658
24643
21758
13451
29823
22014
26399
11943
28264
10103
21575
5561
4002
20295
25070
12969
10171
29824
20789
10599
26159
29839
25615
1433
17659
9442
9487
5699
21730
21338
20857
7316
20674
16774
11923
13147
7466
9549
22408
11536
12679
16413
19077
29085
26136
12987
246
13347
28064
15828
5439
5283
7663
27974
24722
28068
28529
7886
15180
13327
25287
29233
1786
26372
12144
28131
7375
16712
12965
5281
8800
25297
3293
21237
8650
8896
15854
8984
17084
10651
13143
10763
6089
16485
10812
22092
18112
11650
552
2685
15523
20288
10874
4390
14740
20246
8769
22741
2088
978
24592
29461
8425
7800
16614
1702
12392
12820
13198
17216
19529
29710
25023
18681
13758
26570
3388
26369
11530
15604
26353
18760
26715
28012
14167
25648
12211
9541
5120
29687
26148
10768
6819
9995
6533
23345
27
5944
22529
3176
14603
29701
22008
23278
27432
14736
8008
847
8933
13261
21716
26889
21008
781
2045
26260
7000
6811
26106
9488
5318
22169
15910
11206
19914
8247
18525
17561
27986
21036
21484
28258
15223
27431
27343
7536
1961
18318
17413
22241
256
20500
4808
2538
19426
6328
289
10581
2801
6898
28114
20184
4433
25622
19392
1435
25523
18844
14881
4066
19453
7579
15694
5664
28532
3268
1349
10716
11397
26726
15404
935
15445
18517
173
11816
19640
28473
2491
11300
22851
22437
15223
6464
4012
28357
15699
16750
26319
17763
24470
12781
20345
24376
20830
26119
18456
4937
17005
28825
15566
22025
21162
18095
29205
26716
25077
4330
21864
1185
20243
4217
16533
26640
19090
4663
27198
12369
11463
6386
585
22839
18070
23522
5507
721
6419
20244
8046
23310
8775
7676
14656
23083
5901
499
1453
8091
21687
29630
27652
22776
20661
21393
14848
4431
4017
24871
17699
13954
3245
25790
5458
23060
2743
7484
13104
9081
22289
6009
16217
15242
13205
14075
5535
4654
7448
26215
17157
4619
29310
6479
26773
12479
29155
20218
8447
2390
10424
20599
25680
26013
22941
2699
19545
13333
6994
3634
7283
19305
21595
28365
12948
9850
10897
2583
12244
17714
8876
9381
14838
10540
16526
28598
20565
22053
24997
13472
5456
18978
25936
22940
3607
4109
7899
22381
13652
755
23108
14863
14674
24201
3223
21019
24249
22090
18588
21282
29756
17501
13860
13149
19072
8266
22192
4400
25267
22233
28534
24188
23159
4450
13639
5787
19470
26501
11240
11284
15747
9293
3609
1666
25629
18202
24745
26422
18921
21397
16627
25209
15599
1745
9288
27105
23772
20140
22724
3458
24448
22328
8897
17341
7112
1250
220
3455
7507
19794
22200
2767
5871
10945
4486
24321
10696
26921
8612
5142
14210
19744
20868
7376
23998
11860
6719
23677
22491
9887
16851
5742
21287
94
23918
6516
13484
27984
14862
1642
13551
9800
23930
7137
3753
26944
18273
7924
12312
15397
25114
9357
1464
7253
26499
28661
14446
15452
10579
25449
17006
1035
20502
14220
15257
15534
8860
28653
29629
1004
6265
21315
22449
13271
17521
13289
29070
20253
8948
27245
19472
1449
20196
14751
23337
9621
1826
15840
6897
16618
13558
6478
22573
26569
17403
13828
21963
11183
12179
7700
8770
593
4723
20289
21863
28172
5468
27640
15103
11386
22671
10795
27991
13333
13398
24953
5755
2954
17815
16506
19455
17945
11022
2847
2757
6717
11084
10541
28910
144
13544
19695
20396
5952
29153
9383
28851
18010
20646
5095
7357
26704
1261
19323
24289
12800
28768
4025
29414
2023
11045
50
24183
5653
6790
23071
19106
23787
26308
24414
5722
6420
6234
29607
22056
4285
4111
8552
26134
5024
15039
17745
14724
4183
14686
12374
2234
18441
28386
11238
17674
22261
9128
15847
6551
20717
20562
8463
19963
12378
8729
13235
28552
27683
24991
2406
2322
1684
21091
1735
27826
27566
12419
16462
18902
19662
10665
23868
29582
6380
21080
14242
983
8808
6709
29250
932
9905
10529
25657
532
3950
3035
18832
3546
8109
729
27618
25196
3826
18683
8791
12286
27984
20913
2747
10923
1088
20071
16366
18754
8136
25635
340
25950
12799
14164
9354
28625
23390
9421
26083
19592
3506
21983
13660
26904
15005
12364
24450
1684
7134
22757
14196
10736
8138
16268
27696
16184
29478
1468
19117
6397
15013
14835
424
28983
18138
19965
18428
9180
11811
14631
12575
6802
19788
5482
8209
23184
27875
15423
27315
26763
26908
21332
21760
24332
10746
1515
2338
9417
16400
2871
28092
3477
20877
5373
18099
10053
11213
13550
6241
1501
27667
6888
29812
3653
4422
14172
25274
13194
7801
7443
27329
4414
16231
8836
6259
29015
16996
20961
4778
11104
4658
4670
5222
23935
27153
18602
16807
29328
14833
22633
786
9976
10318
23940
11202
28391
16822
2513
23119
22169
1379
26405
17963
18800
14671
15763
967
17592
10014
13878
20367
19034
18355
6685
2726
3345
26051
26524
7179
5355
7720
19222
4859
8265
28711
27689
11244
16908
20748
10456
5569
1721
2518
18165
23513
18201
21624
7910
26352
26982
20532
2287
8719
28412
5843
7463
7952
22015
18318
4430
16342
5039
3033
23745
1231
28316
22707
13994
2308
11161
15341
7632
7511
14609
29331
24137
5185
2023
13985
4853
10583
17167
22840
6811
518
24700
18923
22449
24856
19493
436
15275
27423
22854
11503
7722
3945
3588
24028
27803
23974
23592
16461
5812
28206
8071
23942
6111
10795
18491
1277
18711
36
11588
19224
27132
27071
9999
3337
25348
29698
9244
93
24884
4022
29209
26657
1740
21528
15263
23297
5887
5273
9128
11843
15434
25216
11980
17364
24691
24013
13526
19734
13567
24022
12565
11330
822
22795
16981
9621
6127
11500
18822
23931
16496
10535
256
3544
15862
9098
25738
15756
27649
13970
11407
4515
14716
26195
29169
3570
29787
10036
19825
11883
24006
1237
10222
16357
6845
20984
14041
8238
22709
9154
7746
26940
23118
11637
565
6317
22653
20375
25206
404
6161
10735
23229
23366
11621
8742
7020
26052
8582
27820
18396
14756
16895
17035
8353
16697
21164
16915
8821
20315
22619
13396
12875
4042
23638
10863
1106
10777
24871
7823
3879
21120
18342
20223
20454
9792
12839
2507
2573
8672
7015
16150
18959
28314
25216
20276
803
26402
13190
11779
21490
20208
19075
10934
28894
1187
25674
10411
13293
22729
19967
19047
16148
6386
26880
13723
2602
23837
13205
20035
5480
26828
18832
6901
22718
26736
2421
16328
28428
20740
15796
3230
12471
19785
15209
28511
4577
26310
29411
326
13966
28899
29578
2794
10914
9234
1209
3294
12160
11945
12818
23705
19785
6044
15185
11244
25421
17169
18763
24322
23151
7551
21846
26620
24436
17590
7535
24980
23770
4338
5083
10646
5101
20622
20074
23061
24193
20760
4095
2913
10550
20929
18113
19933
10720
25136
3254
14453
12858
26831
11172
5636
17967
13021
24320
25548
20517
19454
26345
24345
11234
9859
2785
17187
22988
2043
20442
21518
4441
3822
21494
28799
3579
25436
16837
24532
17639
8497
5294
5619
5791
23792
28004
14499
10730
25382
29697
4134
9269
26809
23369
9513
12162
12980
27029
5903
15095
13185
17874
19907
18907
28946
9610
29161
4231
26945
22768
6069
655
19504
26060
15680
268
3813
11645
25577
21568
24299
15595
28924
758
13624
21055
54
16068
757
13193
18350
25346
14569
5339
11630
14112
14037
17904
5062
15714
3979
15051
21112
13013
4770
29182
17711
5521
7575
3359
25938
22234
1182
16213
4253
28835
17624
20786
17218
25130
9983
16389
15921
18455
5757
23223
23841
14756
16765
27313
27857
21925
7498
4490
6707
8824
21337
17407
8167
19202
2101
339
22693
4272
4644
20331
5204
3602
11239
29863
9143
267
26175
9057
878
14360
13384
4129
6926
13321
12362
16069
15283
17407
20371
14024
15120
3641
29740
8638
2505
19972
29257
6675
15155
12341
3975
20843
16666
299
5861
22739
24060
19511
25864
19115
13892
21880
6824
20328
5122
14915
25290
18933
21383
29051
13692
17977
4281
13330
28106
22211
16370
21097
5102
29794
17430
21685
13470
26942
21431
8702
79
6489
1520
28683
14774
26629
29060
1669
19321
21593
28723
14744
7241
20293
9709
791
7966
8014
24783
28007
2238
17487
27669
6146
21907
8163
12196
26804
17900
2696
7612
11452
22818
14854
6411
15621
4593
29038
22466
3231
27276
20498
26928
15480
15525
20629
21944
11586
8016
26600
5800
15842
21227
7703
28072
4325
5329
17958
28734
7243
24746
24712
29533
10443
10356
14365
26522
5740
15946
21371
11474
14795
29617
17193
25807
17030
25862
24286
27503
8335
12613
12655
2017
9743
17730
19774
12689
27043
10467
3622
14759
81
4523
12018
12294
14545
16509
23482
26152
10947
4616
19303
20386
4039
12104
20598
18787
28757
19062
4393
20603
13121
9823
9380
11382
2416
21069
15284
1109
23452
26564
19015
16351
17004
13644
15214
8253
24706
14320
21778
27529
1369
12135
5242
15811
51
13479
3755
6994
18830
17244
1973
24923
22832
10492
13232
9255
1904
19507
13339
16636
22698
335
1957
22920
1587
18149
21764
26318
18685
25229
28712
25218
3218
19944
24792
19128
435
10895
12512
12812
3101
16923
9791
20940
15098
24024
15724
5660
7072
4981
13106
29384
636
4189
28568
19348
5691
13656
618
5040
28991
27792
13571
24235
16532
8312
11279
16844
10786
7421
1702
3641
23450
20958
29572
23540
22271
24308
5256
12384
28033
1769
15044
2886
19783
23737
4473
11957
8131
15111
16573
572
15013
17907
27551
4348
15324
2048
12313
19076
1465
29304
17987
25563
26963
16091
9505
25713
3863
26904
6529
28137
2569
27709
22973
17232
23968
19138
14037
14500
6735
24264
19853
7520
23679
20583
8987
5656
28757
28506
28371
28784
25405
19043
25047
10621
8496
20444
9882
7347
8988
23174
28890
23174
24058
11663
25019
7512
23169
26725
4709
27677
23059
22882
12967
28510
23439
24928
23032
1495
12266
9878
19279
9048
26979
29093
28691
4097
20465
23692
25434
15539
6034
14766
1099
28109
17426
20815
3439
1112
27049
13384
14164
20579
17395
20521
25398
27487
20387
26341
1745
21427
13473
15471
28158
19565
29851
14030
26357
12697
24342
27573
24408
4000
14121
18041
239
21264
16174
26723
29557
12590
9482
611
13977
22275
27921
5707
7316
8905
4393
25006
15878
25306
23430
15018
23581
13939
29047
28098
22593
4164
11107
25475
10294
22489
6016
20143
1506
13688
5915
18513
2077
8035
28338
10265
17842
23862
13316
15547
5594
2249
20877
449
4665
21012
20167
7320
26964
9162
17588
15075
9012
4124
19876
19022
8238
16757
24249
6693
10272
10118
21863
18661
6815
18539
19526
18060
5560
28617
8253
7483
18079
14758
1388
24491
19663
7095
20381
28626
7660
5577
8372
1136
22063
9653
16153
24859
16161
28174
3424
20052
26559
7246
14906
13484
21875
24128
8708
9984
20813
21283
23326
23964
4606
1084
18517
28903
15260
12244
4327
17414
7859
9277
25052
5112
8165
10646
20752
22459
2251
11929
26667
13281
17413
8737
9433
17601
5380
7547
8157
16936
1722
23633
1830
25658
10938
3250
11593
2806
6470
29976
3486
29824
3518
13380
4085
6819
14442
4208
12991
9185
28592
19608
10733
22514
7676
5060
7619
9228
29980
21536
2859
2655
11532
13685
24931
2317
15298
21919
15209
17313
24734
4318
14362
27138
20574
16300
14538
3835
26781
12655
13240
6665
26359
29307
29032
27925
3639
8869
9365
14467
25931
4203
25119
24133
27809
4381
3600
8833
4660
6572
27250
18212
8938
26363
4001
20775
24093
22307
28299
16595
16653
12276
224
751
21481
28340
28175
4692
25974
14131
27806
167
26897
15245
11389
20327
4980
25645
21967
12348
10822
18643
25863
7834
7302
15262
17982
18507
5657
5093
10233
6296
19651
13758
9575
17551
4010
23890
23372
13636
3306
29548
19870
24648
23039
7784
7528
11204
13906
1820
9987
25044
17613
3698
3181
9456
18047
18016
26043
23013
24921
19879
4882
6634
11111
20160
12186
6543
23328
8982
19918
599
14454
713
13267
1300
21060
23039
17521
23892
6938
10744
25118
12016
25920
5766
23709
29063
9441
29862
25928
21288
9046
9511
12629
8115
9185
15756
10973
11122
764
14441
29360
18359
9265
2930
10740
25495
25142
22909
25136
26714
7576
3110
1606
16816
4619
10548
16075
2669
22092
17864
20025
803
24454
8495
17841
17807
12266
9948
7970
16009
19961
28785
1775
17492
17143
6970
10555
5489
15927
19799
22010
13387
11631
17021
27285
23974
15045
3216
22545
16020
15884
11599
22736
4471
22625
14642
18000
20692
29992
18077
17326
29918
16714
18363
9196
13652
2325
8348
23611
16774
6561
22341
12456
19374
7257
7243
27711
16223
15230
601
29173
25280
19923
20511
9102
5078
28505
6232
23529
1462
9848
4974
2312
10118
5586
1518
3663
12014
6259
28423
13859
18349
23708
21975
27066
3937
3461
6682
25382
4782
25417
2656
29650
19183
721
11867
7639
17482
15894
11271
15944
5202
5918
21722
28726
17524
21640
25420
27598
16868
4502
5125
23807
29914
20290
29056
12618
24091
3580
12319
4292
1661
22138
29183
2385
5293
22549
18887
29420
20888
1160
24026
16389
19783
3879
24316
18542
8581
29051
13801
26331
1606
23314
11760
18806
25325
5540
27210
15572
25716
22484
21787
23240
28307
13607
1374
12130
15389
7248
7455
28318
19777
22554
22702
10831
15735
8498
3795
17491
7072
11091
6829
17544
15166
8826
28065
27872
23750
7438
12813
14180
23147
16689
254
11389
26872
17739
29453
14665
11937
2459
7483
10256
593
943
12414
6393
23208
24560
16430
23054
304
19287
16320
25802
6671
2015
14460
17591
16777
5575
12842
27929
2766
13527
18314
2752
19951
15832
18380
16037
3715
11672
7980
11520
23366
24475
20425
1703
69
4114
8852
11371
17576
2370
10493
28410
13493
1163
27903
27351
27895
15759
25363
18800
18206
15911
28370
4506
7826
22784
13864
12299
7542
23494
23948
11711
27209
28282
14630
5882
26221
22506
17628
23344
18883
21883
16335
24797
12741
6667
11840
26602
11178
11259
20084
11311
24928
20184
267
15337
21180
19791
9026
27104
16909
1381
17239
24064
28372
24337
478
1139
10033
5477
23519
21916
10563
7122
928
24096
6200
13366
12281
27669
19834
3307
16153
19592
8180
15699
22065
6254
12783
27795
27961
6980
27715
16986
13258
14998
10805
4149
19008
14028
16989
13746
10882
801
10384
14400
27353
11658
3791
23426
25090
16961
21666
15914
2869
7844
25621
967
22547
11056
13739
29673
11190
27099
25322
14103
26954
2258
14509
19346
17687
13381
24900
10803
3118
28782
11259
13846
16372
10166
5580
25443
25100
9314
22896
16105
17505
10116
3540
4223
28944
7537
2135
26817
22491
14842
29288
24810
6586
8199
9274
13657
4261
26265
16874
5694
11014
1008
10233
10622
28649
29092
8196
21803
28700
5895
673
15720
23927
24415
27488
2550
24234
10589
5147
6345
23853
24098
1332
2565
7219
20292
18811
15460
4386
5764
11550
17313
16200
28888
17175
27738
782
7642
1767
10804
7308
9804
3014
26103
8841
16688
1542
15712
26480
3803
25742
28677
20058
13637
24257
27239
21055
694
22459
24797
19882
20851
28374
12311
3611
29982
5919
13729
10389
6449
14063
13288
6515
5661
11715
14271
11654
13926
1636
14328
12131
22328
21418
24879
27063
8876
13879
28244
17591
18222
20180
21910
3023
26388
17236
20483
19185
4123
4727
28786
27729
16503
21797
28076
15167
9740
24741
24037
19946
1648
1992
21247
29196
22312
4761
13376
5178
10430
4530
13785
5862
8951
25648
7629
20221
26618
14299
29249
13466
22939
13286
19288
9876
25364
24707
28163
13885
25067
9152
3899
15435
10211
14774
9094
27916
23515
18592
17863
27193
16618
3010
12136
5495
8303
11756
12744
12720
15586
9043
11953
22217
20872
21768
27867
29185
6300
22461
16113
13141
8668
2716
11017
2082
6370
16286
9410
5077
21147
13015
22714
14575
17934
29011
7765
18101
6896
9903
27223
11852
4947
18043
25562
6950
20589
29873
25522
28592
20459
14522
24793
28280
4426
28831
140
15502
22108
23978
27177
28088
26459
23457
20381
13128
16741
9244
25879
12472
22435
10435
6956
3048
4219
11311
15040
9517
3607
4292
16896
14730
28863
14359
604
15320
21242
10980
13399
16064
16251
628
17801
21413
13391
12337
18905
19347
18392
27039
21393
4000
10368
23274
15315
19314
19729
2521
14923
7959
6201
4826
15366
24340
6292
16224
21158
3739
18101
17828
28133
26408
14450
26622
23621
28378
11450
10600
9807
4280
17252
9843
23726
14343
12131
28428
4282
29719
25854
14900
29967
9816
6656
29866
25865
18312
15393
8842
19750
24820
4490
22526
9729
22598
6915
26208
1154
5214
15766
18512
3001
18228
24635
29032
22009
8432
770
21279
149
20748
23211
17387
6278
8903
17714
27702
28130
3999
29067
8603
20291
3144
14494
3325
21705
18612
23216
24976
7729
24641
3810
28273
16118
5188
7130
19930
3537
11677
18930
4193
27153
18247
17934
14472
628
4069
18325
22028
26596
5946
13263
18552
3678
12283
14667
14168
6753
2269
25630
28437
1360
16318
392
2514
17591
23547
20509
29395
5044
29995
9275
20106
19923
55
9354
29079
16363
3593
18618
14617
6762
21126
27413
21336
27471
7606
2907
3165
17766
5149
15479
28461
3023
25507
24081
10262
16209
12941
7750
19508
11133
8790
6427
1961
8498
16010
14058
2811
13600
17066
25911
15702
20299
1576
8474
22347
12247
29138
20470
27625
15488
18102
2969
6053
23538
3738
29096
14985
6950
7308
13036
9933
7869
27422
5135
9488
8818
2483
5189
15339
7100
2299
8724
3821
6667
5843
10001
28875
21179
3052
22818
7156
23743
22720
28285
16514
21173
23362
14505
23807
3273
8479
29594
2624
5863
7697
24650
24554
14413
27639
17642
27714
22299
21655
23607
8742
29880
24189
13865
27951
2075
3198
12991
25062
3337
20095
1530
1827
23254
15425
26224
27850
5642
13761
1704
22517
14665
15661
7012
20926
3692
5567
916
24832
2546
21486
2915
17803
16411
7762
2241
18717
11932
11233
15796
14337
9301
28153
3841
21309
3338
2733
22847
22876
6227
5256
11924
9198
21141
22538
8425
23017
5579
9457
22699
27497
17423
4950
1443
17373
2943
3066
22793
23438
26617
18458
6523
6481
8908
19845
21563
19628
14602
26090
8680
14062
5868
5004
28222
5123
19235
5430
19617
140
27071
15630
5820
855
17202
22469
9992
3846
17882
21220
14878
969
7405
11917
6148
15293
17991
20960
11286
27655
19014
5733
23962
19024
13961
10923
8587
2087
16977
11337
28206
26974
25514
12670
2638
22487
28988
25643
9473
19612
26375
8933
19485
14667
20085
9718
13208
21714
907
16490
8864
28159
3954
29069
14333
14085
28633
28267
4484
18445
15839
2417
22111
11091
4180
10626
15550
27505
3478
12646
593
16384
27127
14750
24481
9170
24801
28875
15600
20859
18923
21073
27504
8609
906
22908
25544
8176
8122
29888
19498
5547
2551
22089
4819
25402
14402
13953
12973
9983
24711
26633
22331
10613
15833
3773
21001
9575
13840
9136
18346
13351
12303
16947
16638
4514
2795
10356
386
28873
1192
5376
9675
3798
19926
1036
24930
12723
6165
4360
528
20215
25326
1635
13857
27690
24606
9265
3852
9667
27487
4708
50
8255
6612
14794
27990
9219
12925
6109
16327
12571
16474
27274
15705
13916
8773
8555
17154
18140
8432
2363
1163
5134
10606
1807
19819
19953
28114
16044
25766
26892
29457
9690
6127
307
26217
24047
5492
26736
12185
3974
297
5280
29885
9395
18720
11189
9417
18576
3038
3086
14748
24613
287
17429
9424
8199
18228
1670
4151
645
1773
20854
7763
15911
15099
6946
27415
22613
8314
24863
16375
21455
4082
20738
20332
1731
18099
23662
22150
9082
17126
19721
6007
853
14366
19082
20100
12692
25037
5552
9729
20795
12921
23608
20217
16271
7804
28295
1341
8556
2617
13342
801
18676
967
1959
3890
1490
19565
21311
871
22802
18437
16693
13635
698
27366
26699
18089
18043
6091
12090
8115
2276
9087
16573
5609
13632
24717
16227
12352
17012
17506
21362
1094
22874
21593
21308
16950
15658
11107
27517
24022
29747
26159
23997
535
25677
28544
23188
26476
29399
18691
17306
2873
27092
2259
21386
21773
26766
19505
20121
8169
6850
23596
8305
8644
19268
27914
9169
10334
10419
12448
21935
21205
19420
24906
12834
12529
6832
29207
12457
19397
10070
12691
28843
3794
23723
14280
251
29253
13682
17484
1513
4079
8594
6713
22502
14532
11062
8038
24668
619
21479
2620
12027
771
1041
4494
23056
27799
17687
21846
26179
6712
5367
11406
25223
12373
6302
11188
4334
26867
18541
17306
29406
6866
16775
9762
29218
560
4094
22692
22334
20190
28964
26492
29409
13272
20792
7138
1048
6601
10239
25577
29619
15698
11844
16758
1610
6096
5206
22252
3889
21712
23344
14061
5861
1489
29281
16087
29037
15403
20347
19206
24549
5884
26838
5242
28215
29614
18354
9397
17855
24246
7986
15848
12260
1925
8980
11810
25213
16306
6504
16985
26151
10968
3785
9864
6827
25891
4477
9461
4476
2477
9329
13603
13551
21912
14151
17428
17667
2393
24069
20086
14097
5763
28
28209
846
9771
12613
10790
8054
13881
21619
21205
22429
4958
12800
24128
4801
9757
19760
27860
4802
8857
10752
27238
15541
29419
29481
3575
12661
8724
20120
14987
14262
8982
26271
29456
3176
2906
27338
19310
16084
22984
13746
24195
24154
545
5426
10235
3611
24741
14654
22334
16207
21073
18884
6129
13062
4536
6654
22224
5647
18369
24752
25539
7607
28094
25089
17990
24592
5101
7264
14475
29106
13207
11182
1498
5932
24912
1819
8512
28266
20298
2381
14694
7508
8678
19083
14582
22722
24748
5722
6670
18611
27303
8619
4004
28458
23291
1616
22146
6102
8423
1519
1062
27858
19708
15383
2138
11838
13306
17518
17616
10375
26172
11904
24296
20424
11577
26210
7173
22459
19832
26861
13042
18408
27245
28582
16269
21741
18668
14118
7165
8445
1283
13565
8624
16559
29840
1524
9596
23165
11313
13226
10227
25127
24843
27738
25651
21833
26742
10026
4615
18078
19201
10034
14560
12361
13952
7405
21937
21345
8683
1298
14737
18495
6633
25322
21858
11985
27122
18990
856
12532
20228
29107
12285
25209
29386
10196
3742
11078
5648
29165
8070
9123
24006
26136
7408
14505
11769
4373
21002
6575
15947
3779
9145
28610
9310
22154
11238
7048
14686
29801
22542
17724
9602
4060
2029
26685
16870
10665
19469
8827
13100
13834
16761
14978
26677
1182
2176
16707
10778
8899
16099
15297
1826
19893
4603
5507
2278
18688
28637
8448
15
28980
8351
14311
14965
12697
3586
8280
26220
20509
13998
24912
3292
13404
18081
22344
19781
2945
16775
3750
14640
787
2150
1961
19091
27346
13641
6751
24064
15162
5469
8820
4331
15895
17735
8729
17686
29723
1055
12280
8145
2745
26074
17795
3890
12641
8224
7505
9614
20061
10352
11269
8684
18379
24195
26396
18477
16958
7611
3107
23484
16187
8768
10034
12204
20389
12478
16518
4609
2189
10632
16212
8679
23704
13101
2397
168
7315
28934
25107
7802
10975
25590
21708
25008
2628
2501
17877
28016
23683
10848
9319
643
25404
22338
6686
23939
11590
4230
13658
21617
6243
15606
6736
24057
6197
6431
18039
19357
24440
19777
23930
7549
24824
16898
12045
8795
23291
16413
23262
6004
19713
28432
26665
9710
6554
20204
18333
18324
25479
29696
8496
9544
4921
1340
28179
22726
13950
19506
21767
8993
610
7924
16928
4229
7445
1592
12314
14043
3188
13841
28653
1615
16938
24881
4404
10089
14602
24462
12774
26623
20195
16851
9528
16610
19737
5532
29793
10976
22157
16411
8380
25037
18849
14977
17983
1043
1512
15876
5833
6727
7548
29192
13600
20577
21621
16094
5379
28203
5973
635
29465
24074
13250
24777
21683
4814
27034
13624
11817
23402
22985
1332
20209
16885
19148
7949
20313
14750
15153
10830
17222
27312
696
16655
2205
6808
10900
4138
10851
25589
12959
3515
6315
276
25811
1729
29826
16689
6063
4792
10219
29773
18981
25268
10751
25684
9902
17853
2128
8288
25821
9241
22060
18659
8696
26359
22156
15739
5972
10222
14253
27832
23770
15469
9278
10427
27943
3292
25417
26573
3422
26984
18554
21572
14294
15151
22050
571
3224
7831
19356
12441
24117
26875
1783
20285
27661
1327
14128
12218
22532
26825
19539
18820
850
3229
19218
15650
3502
17895
2552
21469
489
20228
17670
20273
25076
10042
9256
29972
16114
11025
21899
27055
29371
29776
12408
5947
24731
4623
29832
4336
16774
3994
23504
22783
3958
1856
14486
18232
10276
10914
18983
4787
9876
16684
15804
4209
19123
16956
221
17365
8900
15889
11741
12100
9893
16405
12479
19113
54
3904
22567
23208
28045
10440
1560
20195
10726
12745
24023
10645
17946
4017
29132
24287
10881
19378
12275
18240
18772
5043
8595
20792
4827
10178
24843
17673
28004
24366
23477
18415
10274
8808
1461
19648
8908
6473
647
5906
14954
15620
13285
20265
168
12794
8575
1050
28963
16994
19187
10858
3269
16272
4786
10509
21473
18291
15624
16612
28362
13804
13320
23704
25417
1956
27111
18645
22508
28017
13204
24629
20958
3817
8906
9889
25312
7071
23781
28310
9224
8879
25160
6824
28226
2920
25652
28575
5541
23252
29332
2062
16850
20896
6743
2346
9385
11872
20186
2150
12210
22449
26671
14183
8951
15105
25078
11616
5572
29965
27533
15359
24301
15587
2646
17252
12999
21126
1511
2528
5806
9750
22884
18243
7051
28026
14012
5455
11204
11155
6562
16715
25321
27828
1204
14965
19139
12933
14403
12967
454
9647
17522
11206
519
2460
166
13064
23920
20084
8569
18080
6495
3537
18595
13981
27766
12529
26051
14417
8299
19794
23175
4275
8234
10015
24008
4726
24215
22576
18549
12326
13429
20461
28396
14894
21266
13743
2255
771
29162
22128
1809
29125
29392
25847
5053
19624
2315
24419
6857
14320
18291
1077
2889
21918
1056
12405
3541
10032
2201
5455
29316
14798
10802
17996
4183
5225
23070
8374
14339
17779
21706
14903
5958
29480
24528
9277
65
28485
28090
8887
20514
25145
13453
3547
14456
29839
3554
7302
19298
12405
23936
17307
6444
18121
10771
6886
1074
12354
11183
2430
9802
14967
28424
9433
17300
29795
11705
19531
24897
29335
19638
4710
3466
14078
3222
9815
24604
8338
21346
25119
8191
7254
22225
22059
23491
14810
1360
6420
14749
4438
24619
9731
25705
6005
2658
19746
10473
17270
16805
12811
13076
10854
5993
19752
15882
18068
18633
4103
346
3107
26928
28050
21356
28007
15347
25867
21460
7739
12326
3290
24560
29945
15163
13786
20408
12140
3126
23709
24121
17618
10019
8405
13006
6587
22661
29385
12504
21670
28122
16123
15467
8431
23395
28075
18666
9427
17115
4959
12212
4025
24535
20782
20927
19098
9397
14614
26607
16720
9370
21275
9193
17101
28489
15768
26902
17278
6190
17823
29699
10800
5295
5776
25658
5277
7128
8869
27478
27407
7525
19258
8969
6650
11866
9756
24802
11150
630
7992
22319
14718
9926
9587
12536
22959
6382
5206
9460
28311
13587
3263
7442
22532
3726
21059
3550
27261
6451
18212
14294
10552
25379
16208
9864
7438
26669
20547
22699
980
6537
27449
1583
28446
19138
25353
14335
11113
22143
9380
15418
19419
2511
27474
196
27188
22066
17824
17046
9999
21709
16381
13931
444
15959
18607
26879
26621
11277
57
2593
20324
2092
27972
8835
10263
5905
22816
8156
28195
20033
12462
9076
11875
10210
10123
7291
14376
19439
13214
20937
2809
26834
6890
5054
28582
26014
12693
20747
8288
8723
25526
4115
27483
1420
2175
21021
13967
12402
24247
20485
18556
3344
17935
10234
13534
24292
13198
9340
8329
7266
23859
18885
22869
28368
29854
5159
29723
10544
1010
12008
23533
15816
23530
15557
22228
11071
13878
20679
22839
25660
27711
14075
14965
21975
22899
26334
21698
415
15196
18546
19780
13947
885
2657
277
14588
29089
22246
24270
25109
9370
5790
14301
25895
28301
15542
17466
4835
1874
2595
10617
24479
24355
17217
27035
4317
22586
12946
190
18965
19624
16686
14626
5450
1211
26260
25187
19558
21705
18545
17741
29777
22551
10220
18716
18988
12551
25573
24300
7724
23109
19317
16907
6273
25832
13621
5771
22325
8678
27852
5635
28417
930
27387
19709
3568
17724
5219
18836
12229
7884
24960
26360
21111
14239
23758
19633
3892
27270
13483
29006
8656
22490
26108
14141
25164
1086
19794
20986
2681
3393
8563
488
23331
2740
19476
13053
732
6413
11999
26784
26845
25500
4559
19103
14567
25393
25385
9534
29909
25298
16645
26394
20613
17155
23219
7497
9562
17194
4606
25335
8615
11742
12673
6371
20518
15057
14830
1673
7798
29425
18322
5514
28037
18479
431
29345
28394
17053
14200
17541
8476
24540
21611
18557
10852
16325
9555
4376
27399
21398
16402
20537
8078
29051
7482
20102
15548
8549
21916
17921
17627
18078
29108
23833
24784
5950
26638
27037
16421
3081
9502
24844
22263
21352
9409
22687
10239
19666
254
28040
21334
12136
24262
21433
25293
1329
17121
27284
18533
22208
5448
12910
24305
18326
9579
11867
20599
12302
10182
1075
16860
21724
25722
5743
5293
23179
15421
5233
13092
14181
7454
15159
18505
27916
24425
8969
1907
70
14447
4189
24600
24571
17267
27530
173
15460
15659
20838
435
3723
13517
19482
12333
16499
13472
23286
10585
10866
27851
29504
15078
29741
3488
24827
3254
19611
20175
11287
11265
11351
20560
19216
13073
22416
26276
28217
14951
13213
19118
17939
20662
16389
14176
96
8641
15897
25918
13987
6949
3941
20347
18697
15456
7068
16544
20480
2364
441
26998
14669
6879
9814
5610
2784
19913
3516
21644
27042
22564
1626
18431
11887
14504
6900
18577
11397
16812
27368
18475
10658
12993
10343
624
7652
943
25580
1889
3626
23143
12416
1098
3865
22432
13295
29581
17423
17107
27776
2201
21510
22181
6680
3640
26103
25016
8146
27129
15231
7701
12487
28951
1469
26860
29571
1696
15336
25931
16804
12403
8976
21659
7932
22240
15121
8337
19160
13231
22866
26851
17810
19226
10919
20864
28875
4510
12725
624
13898
14072
27200
1157
29627
6834
17789
16597
20658
4603
11804
1434
7333
18714
29809
16333
5993
29494
15248
19521
19733
22362
15367
14296
23842
8320
18910
2333
17819
24697
20820
28463
1992
15619
26032
2044
297
972
12430
2556
25610
22853
5396
24643
19318
6777
20594
16053
9363
3447
3033
25313
12364
8675
3397
9422
7403
14050
28867
5748
20556
5148
982
13177
4103
13850
22983
66
1627
9521
22861
15086
6993
28691
1959
12460
1407
22055
25312
4880
19521
18082
1450
13024
23157
2877
1344
1527
7499
2914
15009
4428
1476
19472
12655
28551
23991
10730
2437
23829
25356
17934
1374
20022
27037
8032
6648
3639
12569
10353
21877
29894
20154
7649
16672
8682
482
4853
15916
24884
9030
8516
12181
11861
9053
22664
28402
16323
3133
24870
14007
4365
21881
17144
11695
21658
7496
17215
415
23588
25317
5247
20062
24767
13122
21536
11406
29703
17248
15115
24594
28156
18055
2226
14311
4951
23209
13412
9710
22804
7608
17573
8606
21578
17147
28526
17781
12905
9109
10492
26805
12432
14359
2215
17204
6495
26753
3932
20692
1558
15981
13882
22389
28801
17455
25755
27848
14878
614
17537
12069
24536
24345
10144
14723
24159
3333
26968
13603
24523
27332
24221
21577
20849
4882
29278
11242
29327
14441
18262
8273
9636
15496
18613
11209
29827
21729
29474
10941
29511
23991
27071
20035
24836
21479
27088
18953
9566
16582
28347
18043
29490
10029
24836
2840
10923
14399
25142
404
21438
22710
503
17357
26905
5455
10185
11649
2026
8032
1618
6481
21249
12795
39
3970
5149
11435
9700
3667
29176
19491
11866
616
20327
15214
19168
5284
18240
19119
17008
1378
22447
22327
8056
1431
17226
29519
9887
22574
10731
10719
9080
11070
28573
25345
5282
185
15908
26132
3636
9053
28422
26128
27227
7812
28679
2446
10451
17162
16305
29802
23502
5
3069
11796
19360
2289
3889
1112
23129
1112
22865
25983
1336
5751
17981
19811
29698
7310
208
25738
7708
15749
16246
14576
6454
2080
3682
19881
23540
1477
18277
1991
8332
128
29981
2884
23528
3574
27604
23739
27139
22397
28343
6360
27772
19485
6703
7669
25706
17553
19456
10857
22316
10909
9422
24008
14018
21763
16948
26814
25338
29704
18871
13830
28112
625
24876
11833
2620
19150
5491
18977
18552
11792
14405
17209
21145
13042
13422
1301
9311
22117
12289
10253
23518
7003
26024
21748
25246
2614
16678
24166
20079
27725
20918
5583
4704
3247
3920
3196
12350
29308
11897
1508
19504
2279
711
15267
27035
2534
1326
8083
22594
11299
12193
11873
5767
6063
18562
24819
26008
26413
18447
16847
13508
27075
12928
29607
2612
7532
29547
28995
28260
23289
29657
8926
25614
19225
11107
25399
14003
25904
28526
6998
25496
20990
18609
22721
19387
6986
18524
5763
9900
10199
14501
26656
9928
28558
22654
7475
26102
8285
9399
29030
28594
23629
28205
2695
6245
8026
28417
28031
29763
7868
29124
21714
20420
12744
25638
29104
10024
18181
27175
22989
13744
21278
7130
24940
20820
3110
1421
23666
12535
28172
21578
8839
13698
17220
24277
27514
21052
20577
29134
28057
6490
3736
12480
6608
29703
460
14569
2717
27230
9829
24830
9302
16482
27438
5280
24253
23853
28695
10913
5883
22646
21620
23160
22730
17023
27210
15064
17045
10195
23897
9597
15681
20240
10115
14621
3248
7095
26005
29760
4717
10559
15053
5312
25825
22237
7589
5029
16028
13190
20592
29929
10370
21804
19485
28378
22409
1538
27178
148
27068
8454
23875
7896
29366
10743
27971
23306
18315
17881
2317
26854
3608
13649
17978
603
23947
17903
15140
6474
6049
5600
9987
18959
25831
4840
8977
7749
6050
26865
28313
15691
10470
23719
24927
13082
27956
3702
4979
1480
25483
21128
9123
24290
19656
12249
18258
3984
5727
24167
25878
1163
22296
27259
9566
9014
2274
13552
22530
21129
23063
21782
11688
3072
28413
4678
23398
4526
11316
5867
19693
4571
17443
5655
27849
9362
2570
7994
19199
27197
338
17749
10100
16356
26551
26085
9202
18367
5192
19791
14671
29608
23369
24050
10455
27440
23392
6028
19686
4606
13631
17336
10202
19742
22962
5040
11022
8204
13456
13142
2559
22989
17969
25693
19559
7578
1669
21801
20843
14783
9134
21166
24194
10417
26811
13433
12359
18295
6502
1661
2464
13272
22327
18201
15623
1695
23594
27390
10486
22807
1114
3741
147
20717
2831
10025
11936
26089
28092
5538
29440
28496
4081
19125
5090
215
924
687
18545
22549
22833
20789
14778
919
24235
18337
3317
29659
19417
22329
28292
20806
17740
22721
21953
23191
3221
5015
17653
5734
10740
27008
13647
11396
13088
2598
12671
1039
27772
18967
2235
6984
6907
3803
11348
16583
27351
20037
16077
861
4977
28954
3609
8769
22652
1746
28946
7737
14781
29040
21698
18872
25642
14287
24934
2836
23374
27469
28558
25387
29825
20343
11264
21919
11096
24930
17446
27911
14395
8585
17233
15808
18303
8510
27110
3582
19273
5266
6587
8638
7049
12219
22832
6940
9922
19293
6271
12056
21134
17973
1164
6293
26638
19831
5274
8306
28092
29325
18153
6987
2038
27385
1513
3999
8913
10066
5261
1081
23313
6478
8847
29392
10658
5862
27218
26929
22666
13685
5585
14884
680
15664
23753
27357
12176
6176
17103
24949
2553
25772
22142
18016
22263
23961
8933
22547
6152
8114
22697
19381
25609
5844
16113
25249
7802
16564
23072
23288
23157
2401
25671
22097
11560
10229
27281
7657
28426
4968
16387
7169
23203
22901
7493
4303
28542
17657
27722
2923
22338
16296
12219
6045
22640
15532
11945
6432
22875
11581
25268
20847
4110
17129
26085
28731
16285
11483
8459
17902
6654
7783
5987
27864
12297
7225
22532
22688
22908
15772
16389
20387
12022
16157
27793
4793
4145
13523
17884
12205
11184
20707
5459
27991
20457
14196
3152
17884
21414
16027
20150
17717
17907
13694
8484
3888
20587
22077
26587
20336
22721
15020
8658
16608
7003
18606
1808
15337
14446
2206
15962
13413
10173
2478
25800
17540
14345
11999
28985
21125
8986
17679
12517
13983
1919
18294
10036
13825
28753
15681
14168
2824
15518
5094
29672
832
4034
15041
21881
7481
8666
19884
12506
11665
5598
20143
6137
10265
21333
24479
8129
21801
8292
17613
22487
1141
14346
3875
13670
3762
5853
27109
28448
16144
1319
19780
24808
21375
18129
12164
23497
29173
9039
7309
5592
21390
14040
903
13197
7987
21733
12556
6307
4964
21344
22078
25985
14922
28195
4134
17351
5286
16909
20931
15783
29711
12642
18186
10694
29245
4965
7891
20153
19016
7027
6190
24251
1445
22472
28767
915
13709
9729
11589
3012
10498
15190
25078
15583
28126
12495
4767
19808
7778
29329
21053
7124
15170
22709
27967
4465
3569
21122
3764
21538
13951
4803
25712
18523
13043
17788
27653
5457
17229
8480
13688
12223
12033
20284
17474
29254
11137
1981
23884
6008
27225
7228
27266
26260
24538
29030
17892
5096
11344
28485
6700
20638
20905
10786
22836
24595
20409
25342
20313
5656
17919
13997
24805
8955
8834
18857
9198
22867
936
5829
20671
26989
1572
191
19727
28793
851
1156
16358
21698
5599
20844
25271
20145
9016
21269
13505
15340
19816
6079
16646
6481
22382
15196
24556
18887
9551
7112
14013
2612
18431
275
5275
7893
2712
26172
4989
20593
27816
21069
3805
21014
4919
21025
5851
11370
21751
23143
17064
6930
23225
25630
18313
7947
8049
13550
19316
6311
27770
22900
15449
26529
15844
4350
2429
21276
20782
25790
5500
18922
26316
20637
10244
10260
7443
20209
22750
6451
4362
9976
6664
2522
28951
29642
4416
29294
5004
12968
17423
29261
1614
18597
18247
7844
18592
4842
29471
4601
21130
1578
15515
23365
7282
25804
25236
11072
23025
7762
10487
16704
14436
29799
19417
15251
7803
11878
17436
1926
26085
22912
8416
29460
1190
6093
4016
22038
23491
23131
7853
20337
1152
23643
14602
28696
18301
5899
18454
7110
4024
9156
10376
29851
3545
16940
22026
21857
19640
19119
6618
14730
20691
6224
11859
22123
14610
9713
28592
21413
6684
11311
1655
26647
23380
12589
20567
11730
21130
14485
17191
16720
14413
9945
13473
11538
5884
4670
12740
23826
5978
10650
21190
8006
23366
19780
9951
5400
14376
16276
16721
10846
4606
25867
17943
7014
7827
24216
16792
25484
29714
1516
5814
11853
20989
14747
3825
28997
5475
15022
10635
20063
11890
14548
13235
26417
26341
768
1900
27510
23527
4412
18150
20486
20495
10031
14990
19713
19450
11597
12517
14325
24464
8034
13079
2524
14694
23268
1797
16413
29327
20688
7577
1185
12861
23637
6466
5075
633
22084
27452
17975
28245
25106
20061
1059
29228
16935
19701
13721
19166
4106
10242
18217
2646
19353
27224
22374
6242
15500
7737
5972
2840
2374
6595
14781
4878
22821
23463
16372
5505
23645
12188
7550
21666
12656
21969
27177
3647
24915
1867
15586
4491
11617
24146
9758
23133
4772
14145
6785
29473
4785
18292
17767
15578
20288
672
8809
6726
8065
5505
7777
9955
11241
13714
25811
25748
9185
11992
3010
7300
21858
7364
1907
8403
15656
29189
2594
9723
18300
2596
13613
15215
15334
7273
26217
22674
26901
9397
7581
13105
13115
29110
3337
29174
16227
12041
8346
29560
28090
11937
7794
10481
24598
5270
19893
26470
14217
24881
23623
23683
18615
23957
29397
21262
21407
8771
15724
20866
1826
3258
13737
853
2894
12586
13400
3456
6
19707
27797
4845
2559
1500
8
488
25407
10441
21204
17357
18452
29849
25521
11942
21845
9518
7991
1532
29729
14761
15859
13112
20481
12591
25487
1864
3346
22557
25072
21127
16807
8435
9738
19397
28690
929
27615
8916
14624
28733
19778
1566
18208
15488
18342
3808
2787
29034
2170
9116
10027
4468
8040
15393
22084
12455
5736
18365
27274
6356
16557
6674
27734
2576
16803
6285
10243
8691
12498
27393
15760
6780
23820
12505
8930
16213
19321
26287
7080
13021
27085
17462
7889
28736
10174
7291
15207
29791
17609
23501
19650
9081
25981
2910
22896
10032
12662
4545
2755
5988
27907
13503
12353
26946
21269
3563
25719
10534
26675
9452
16776
767
27870
10898
11754
19323
23296
9588
27904
28388
17665
9030
10715
15080
28257
19582
15138
14768
6580
21811
13994
17071
8788
26171
14275
28242
24174
12502
16607
1245
8403
4310
18244
607
27044
11536
22626
5627
12791
13525
24029
20382
10178
9886
18959
16621
26236
1627
16669
806
16231
8117
433
26889
7159
15233
7985
29106
21357
7703
28415
11330
22083
24808
26226
1649
6437
10881
13448
24487
830
2096
27101
13369
8091
3309
20269
18677
9573
17143
954
1303
15587
6936
7193
19030
26799
16563
11228
4893
5971
22447
4685
8020
576
9599
1637
22537
24035
19412
17163
15071
25615
2014
24057
5236
9869
9956
16844
15504
5735
9882
896
15795
15333
13356
2095
1451
27078
26587
15851
16427
4111
27517
17797
6313
24841
27556
29258
18952
21000
21952
25040
20226
24294
23329
15053
23618
1976
13703
15580
11891
23434
13873
23239
11895
24454
22180
17527
10035
18067
24867
522
3346
7795
6174
23384
27088
14332
16936
28436
25286
14649
26095
18430
7613
1941
17268
21803
735
18095
14188
21699
14605
11108
8782
21423
28736
16570
856
20020
12375
9797
914
9376
13873
20882
6221
7913
20746
11040
25958
22038
6775
24626
13447
15952
26249
9167
5985
14061
25295
26876
27507
24983
22031
21267
24166
9977
20176
18005
28323
29286
21456
23119
7401
24760
28833
13670
24064
20646
21357
22045
14830
24701
25145
20338
28207
28647
12150
13982
14651
14754
29800
8360
25001
26124
14347
10944
8014
11060
4595
16368
4997
14845
22273
23016
27104
11417
23521
8807
11389
24054
28672
27756
15837
8290
4599
4501
17377
20973
2385
23786
15846
21549
25888
16179
6616
21681
24691
3925
29541
23291
27497
29626
2682
2599
5080
6911
17712
2219
8458
799
21021
7088
16885
16316
29962
24754
48
3577
18894
21091
22619
14411
13436
19095
12519
20944
7242
17484
17007
17801
15632
20523
22605
11582
663
18196
2578
29035
1248
26889
11244
27502
6323
18756
1252
15808
24065
1056
15823
22519
14878
4130
14013
11898
4935
13456
17758
18641
9690
10586
23465
6207
27130
15488
16008
611
3664
1897
584
17109
11778
3451
15535
17317
21508
4158
1082
11198
21234
10132
3237
6540
22972
7839
24748
23526
11200
6291
15518
12229
11235
21054
21911
29545
12763
14143
18625
5446
5051
14732
20524
16004
27600
11026
9155
28
10757
15800
27668
21748
10842
1364
27972
24993
21282
4936
11722
15227
13502
27575
3395
6555
11830
2846
25108
2707
5569
13351
13882
27135
24580
18243
20275
27413
25105
8667
14127
4050
1355
19096
2135
26686
27634
2267
23822
14036
5310
7555
20665
8260
16810
17495
12665
9118
7581
11454
4765
12788
3255
4349
19779
26643
20276
27253
20260
5990
29397
11074
23416
4756
15607
7783
29069
5767
6555
23034
10506
5494
23621
3522
4392
17124
1114
15180
23357
12142
12561
28734
25751
12133
1717
1968
23953
21414
5619
19916
28389
1102
2402
21333
21401
28633
1958
6668
12275
21016
22014
2885
19638
5189
14918
29953
19641
5811
19212
28213
10154
13900
22735
12951
17500
25878
28243
27328
2560
5158
2932
15392
26430
14
15444
27231
644
26816
6111
25401
27475
13928
7707
1831
25737
28853
17454
28115
14679
24680
13189
12601
10212
23821
17613
28385
13038
793
20668
23860
625
11599
28452
483
16576
13128
7358
22918
17900
9895
27870
12133
11411
12869
25370
20253
12510
21286
19300
22268
3102
13544
9407
17727
15972
25856
17798
23235
13181
10348
18627
14363
2992
13555
10198
9666
10230
26731
17343
15353
2995
29806
13887
13212
8867
14255
5692
29254
14979
11586
16452
28314
25051
14753
22108
16420
25772
5046
6440
29918
7465
5117
2899
11928
13523
14038
25004
17273
7729
11874
14793
15921
6831
9177
21021
28045
7653
9112
15885
26820
28004
17106
2909
27323
6671
21084
15393
17602
8604
8989
26903
20540
24175
368
19556
25697
20262
8227
26847
11036
25977
4250
19376
9726
1017
21820
29390
19438
14229
21374
20631
26562
7796
15115
7016
7036
21257
23660
17288
9605
12613
27620
18250
8596
22843
20364
8504
22693
23398
2029
20317
28431
3066
13974
10624
3907
22191
24174
2825
26020
6889
5477
16624
15760
2454
2381
12691
26879
29791
8230
28832
1649
8380
4989
747
19807
6007
664
23556
4191
18547
4824
11674
6078
23599
17692
14331
13051
24075
13657
26646
26811
24004
14171
8889
14149
12920
2496
9219
21664
17883
3642
7358
18520
14912
11971
11465
15400
7340
2037
3524
20835
11246
8442
24101
4051
17291
16812
1410
28549
24024
16418
10919
19311
13528
17866
27954
2429
2663
18486
23664
1965
25840
13126
2301
1299
22681
12240
12782
6245
4592
11950
3410
11693
22988
16670
13029
29292
3913
12950
23749
3977
4490
9538
5504
28947
22679
12879
24851
12179
13247
22503
20042
17247
16330
26194
8264
19611
10203
22114
22417
18785
10517
17805
23837
24587
7109
27239
20501
20892
18643
23559
8550
8220
16468
19612
12877
11103
23814
20817
481
24282
11302
3943
24981
21661
11982
3222
22157
23786
23919
7766
22361
27940
9817
22809
18194
5739
9448
661
5013
20024
19712
15115
28062
15898
29866
14222
28330
13958
7885
17707
20160
1424
12857
20076
19622
22918
13737
20664
28616
18062
28911
2625
1847
15527
23354
11399
14038
27833
18753
24777
10682
17744
16877
4483
29866
756
24412
10583
17579
2189
20966
6191
26888
14230
13792
23509
24452
24264
20838
17127
4859
14030
8851
12780
17429
19637
21695
29206
18673
1273
19440
11050
29971
12687
15897
17025
29713
24141
10048
6738
11657
16590
23752
29100
753
25924
13020
2286
27083
21556
19894
10734
7167
19677
7995
19802
6386
18550
6378
18049
11641
1724
8062
12982
16316
24235
21991
22879
21373
8070
5298
19830
22844
23549
19679
6330
29116
22043
28522
16283
24481
4931
17611
29303
20122
22004
11921
25459
11430
11607
23309
24501
22216
11802
3276
5618
11265
16156
27885
10092
2022
10226
20726
19635
550
23258
20852
1525
6894
14329
5914
28303
2706
7341
6084
27325
20563
9485
2168
12157
28147
12838
13446
9592
13248
29680
5130
29938
18832
29547
24238
24344
14748
18085
29954
1293
22467
8274
6598
29643
28970
28528
17246
15878
28913
22944
17913
20514
25251
4067
29604
1204
19317
11716
20345
5462
28322
15695
29836
17334
27400
15585
7938
2052
16321
24032
22674
9287
29637
12810
22254
18376
27894
20963
13408
2693
10223
7792
1245
4463
4448
26232
14400
18960
3526
29018
3559
15521
19274
19086
24743
3444
4393
8437
12825
13554
16213
10263
18463
3453
26161
11013
2088
17627
29915
23693
3578
11577
23515
9266
19929
28805
23089
11848
5337
18481
12883
15014
10071
9144
28110
17170
29798
24961
12589
28099
16547
28324
29804
25333
19724
20501
10811
26224
12136
26244
15440
18541
176
28673
25552
29206
27083
17593
18685
11397
27003
19375
2433
24568
25669
11568
25534
1714
23172
6805
26496
6703
7637
27320
17570
23219
11812
19524
4116
10293
2703
18554
20038
8486
4689
7816
19115
28852
18951
18287
7005
6113
26139
28480
8582
14095
9435
1973
780
6111
7276
27601
8285
25014
28019
3597
6637
1498
27922
29642
10192
24033
18214
11576
20367
4442
16038
4635
5798
14295
7671
25029
26941
21171
26802
13806
17851
10512
20723
8189
8885
23677
18998
7367
14701
11321
14981
7875
5529
28297
8830
23731
17887
5047
483
6376
4573
2269
13121
8211
15001
9900
25502
304
21577
2110
6388
525
20240
21680
23718
3829
21509
15404
20554
11340
9813
22326
25795
21961
11918
2439
18748
9745
22290
26441
21442
16785
24625
12797
27654
10301
20549
14646
10299
21031
24444
18142
25745
29963
9175
19941
28521
22751
12808
22665
7080
7214
11492
20332
4479
8821
29052
624
11916
4288
15459
17166
10363
11848
14624
29953
5397
5087
24761
4197
10486
29109
28317
10915
20641
3405
17140
1390
15347
28188
21024
4225
27125
13117
18538
18774
12706
23937
29834
15014
26353
13510
7877
3319
4248
27041
25168
6965
15956
12769
7902
13596
5744
29668
8661
6292
9135
25997
28947
19777
4431
13366
5611
4968
13006
16092
10397
15104
12311
7453
26926
15292
23029
4834
20092
4283
1055
26720
7848
23532
20197
19869
1624
15765
26674
301
26763
10567
1490
11376
5037
13417
16642
25746
28553
22926
10738
20812
14077
8852
1188
15003
15557
25981
6315
6566
19726
19752
20532
28527
5240
29058
29552
26933
5912
14377
21330
14098
18234
28249
28722
17984
20190
18842
5360
736
4012
14040
16809
23792
25063
12196
14533
7833
4737
4823
14426
19905
19283
25682
10268
6867
5779
22111
28315
23253
25056
9377
18489
15001
4839
9749
2135
15637
6373
28828
21485
26267
10668
3812
2307
9601
17461
13040
11418
23174
19721
13281
3695
16301
17740
14019
21920
27059
12031
24329
16937
29016
16973
11869
16289
228
22362
29502
4389
3022
5507
3264
4686
28534
2415
15529
9353
5230
10346
14299
13440
28027
20186
650
18037
22591
15791
24180
4054
21960
19361
12789
28296
10311
15516
23275
8992
27002
19129
16437
28017
8444
13222
16382
23191
16350
23886
29362
9684
22733
14836
3670
926
14673
23564
6630
21774
26456
11869
27703
21634
7968
13645
14124
15926
29295
7695
18812
26886
2295
1327
26085
22745
19621
19581
10876
23022
996
16981
4629
9679
979
16358
21147
13975
820
7471
12924
915
16777
27541
20967
8728
14490
9988
10838
12393
10848
11698
29774
3090
1424
12918
12816
1708
9555
12175
8729
19476
9301
13629
10492
6936
28014
2947
7958
11146
6370
27299
16407
16043
26438
10636
23171
7036
3631
15981
4418
7607
16718
1400
28439
19715
29361
29923
25170
22547
10800
10482
16972
1080
11651
12700
11247
17600
19298
7364
26460
9835
1071
10255
6358
2629
6528
21202
15141
14816
29306
15737
14422
25075
865
25161
3904
21313
685
13686
22988
19788
806
26580
7182
27191
4177
9077
12106
9976
7805
16368
6781
21387
2898
20121
28032
2102
10051
15266
21846
20872
17210
6633
3226
23033
27894
15140
5174
13611
6445
3451
11834
11216
27000
10596
15131
14561
20974
9500
14433
23924
12972
13325
20058
21840
18173
9222
24736
436
29830
22993
25373
8979
6750
12907
12797
27403
8407
27829
18561
5460
19912
6383
12544
21692
3302
10004
26883
15459
5496
19504
17424
6471
17047
15754
10913
1159
22202
18182
12016
18535
15374
1532
4179
20084
22642
27662
29022
23544
21546
12478
13160
29517
746
6603
3941
25858
9861
12179
13904
14968
18895
2197
2140
4940
27200
4122
11754
8653
9838
7106
27164
28430
13935
8701
21538
29953
11969
4512
21400
17924
4223
8775
9119
23778
3588
22613
18792
6421
29198
21502
21969
25728
6840
5593
12904
25134
1242
16111
16506
9150
8195
16237
8169
14185
28475
15060
19127
2679
20225
5936
15539
18455
24134
7968
8536
4887
29909
26228
5722
29265
26959
11077
24466
3575
25910
8737
13093
8289
25213
14509
26983
23115
16374
25144
8591
12669
23102
1806
1412
11029
27863
25554
3732
18393
6739
9197
12346
9959
27509
27788
16750
24830
17415
11464
4180
4100
17250
1767
25580
14049
17939
7432
9975
26026
8203
12830
20429
565
26528
25532
829
1882
18463
6864
29562
19027
7143
8504
24342
4522
26151
9844
21833
8020
21986
2121
12874
24149
20753
2199
6341
26322
7251
17271
5843
16950
126
189
15262
25366
1835
6352
10626
29671
921
12984
17586
6010
26910
5626
11204
28772
1474
3360
25892
27715
4518
4924
18501
25980
26133
8504
23634
5276
29281
16350
10636
1821
29167
9407
28231
17642
1494
4708
12021
19548
15038
19047
10996
23518
3296
23246
18844
23528
29421
26161
9953
10896
8425
17403
27065
23171
12935
8688
28060
5678
14328
22748
24598
21327
29996
17672
2613
28957
3847
21800
25204
18363
15570
18221
29618
27192
346
9828
19251
16406
15558
1772
4140
16512
18353
18045
16688
23884
21
16285
11467
28894
11606
17112
24714
28147
12975
22058
24104
27718
29294
4528
296
10071
893
19118
22687
9281
28856
731
11238
1138
144
17413
17954
2453
11733
21659
3456
24567
13928
11763
3350
20654
1573
14879
1791
10489
22315
29545
7452
27427
29151
4698
8972
23476
2530
15929
25451
16322
27990
23410
24966
24604
19251
17968
3404
18781
5495
4023
5817
5929
9319
2021
11998
26627
7388
29867
21888
23129
11641
6017
12809
3849
11908
25900
9980
1883
24459
4563
27195
28283
28731
9994
23369
12294
13159
17883
5535
14007
9445
18874
11755
28222
24810
27983
10147
15057
5675
3007
3483
16314
23502
23937
5476
27785
19411
25102
18717
18877
4528
3191
3695
20034
890
13445
19793
14209
7827
18637
20576
654
16708
20474
4412
2959
16105
8756
14000
26000
14880
10646
2796
3257
3267
22165
21507
15365
15733
17967
29577
899
5552
22932
26871
8714
21848
15731
29527
24736
8657
24540
17929
21472
692
3910
28250
6141
13442
267
15414
3042
14297
1395
4060
514
4727
1855
19165
26394
10129
8081
17331
21148
26797
17238
7640
22448
11901
27595
7450
1284
19104
8511
3102
7483
4557
15311
12035
14276
10414
20922
24032
23310
3145
22764
16160
21967
20516
29129
5693
7749
3560
2029
25172
12565
17165
12648
25990
10774
15821
13578
15532
10410
1613
13507
2476
18255
8186
16509
18754
15360
16797
13283
19377
20434
4978
23183
9786
8708
19838
16811
18373
29434
27043
24913
28156
2196
4706
18780
7267
7118
21672
24400
20511
22811
26497
23901
3263
22988
3381
8628
28565
5907
5927
26605
15931
26020
21282
29181
25895
2491
28742
13413
511
21175
3993
6247
17089
12299
17791
1705
4206
11225
294
24136
2107
10212
496
17825
20155
11763
16465
10515
4676
26969
26359
5287
1641
19421
17074
17163
24879
24409
3472
28134
20721
17693
27422
6110
17318
10240
19481
18278
2801
14215
20759
15127
15165
8056
28280
25197
9007
11583
18810
28339
27705
21686
1250
2760
12018
3893
124
26875
14381
18885
3138
25946
8102
12661
6916
1094
26979
4087
7424
8978
11810
27584
2838
16987
632
9039
17092
25334
17959
17968
18814
25145
6990
16893
9615
6965
5709
21846
14723
13992
27443
23445
250
7760
21366
4469
6328
24650
29076
13763
1167
6956
24372
7046
4218
25323
22092
28501
1638
19255
9964
12987
25050
17847
9327
7058
9780
25631
581
27113
5265
22184
29370
568
7125
27650
24550
4853
23916
7081
3231
1182
8076
5669
9591
14722
21061
5289
10381
8427
18162
29857
13306
9007
6329
9574
4847
14148
25960
24146
6669
10048
12219
8983
18099
710
15232
15821
29108
23653
16660
5442
18942
11616
17084
25836
2753
13588
1311
18571
26017
17449
6156
19266
18751
21397
14430
17405
27820
4427
3384
4351
14812
1364
2563
6181
5778
21568
14086
15405
692
12285
6296
8209
8691
24400
10908
24810
23430
2289
17863
2542
22473
3485
13967
21204
29068
4200
25416
26087
10571
2623
11590
12247
28494
3152
1798
20973
26394
12386
15056
10768
8164
6459
6143
5159
16919
2314
22400
9082
18798
10229
14453
21969
6063
28061
27918
13346
23113
17224
8553
3033
11887
5148
18870
27718
29895
18749
28779
11396
24916
8010
4553
222
6750
26094
712
22926
25469
8298
5048
22671
14992
16825
29040
10589
5131
11134
20330
21321
26472
10551
11293
7621
3427
27412
22449
10110
27804
19222
25545
26239
15396
9112
11805
9991
16682
14626
23205
10673
535
9654
26354
182
10483
9813
8201
12177
2530
8741
16295
21047
9866
23681
19542
16724
6201
3145
17692
3191
29704
6136
16323
322
25218
21536
12325
5458
27991
9580
18893
17305
23558
25492
10355
14094
22133
3589
19891
28708
22264
20601
24233
26711
18708
3867
7576
1537
21589
4627
17577
23366
25129
12223
20897
1112
16790
17622
22688
26948
23386
10197
11084
24861
16656
26005
4333
14493
18086
16125
12305
586
1518
6265
15837
18039
7219
411
26030
3378
4338
3171
16796
20838
28848
3889
7731
18572
21492
7728
22497
19103
23483
28324
29513
16683
4906
5186
25527
22895
19556
7318
371
25256
22130
11507
29612
21258
1004
8972
24515
15951
6752
26483
14738
17519
711
106
8412
20832
3143
27152
16319
12715
12270
3321
10585
11521
11341
4976
29908
9254
3889
19412
3675
28553
24601
22366
3476
25061
21238
8737
5207
7923
15125
9975
23492
6883
6323
13880
9752
21221
5288
23399
24945
15843
28786
18938
26394
27112
8821
24019
25724
11011
9583
23909
23224
6734
19903
14371
21006
14698
3049
16098
28648
26977
7539
26487
5932
27447
9653
21618
23319
8126
17462
2905
26590
4411
29777
4274
29759
19234
27750
28899
21106
21129
16746
15614
19853
6983
18648
2844
23672
19636
5272
10319
23078
27924
20354
20102
24295
14341
12103
27072
29489
12568
14475
13433
21232
9488
29662
14806
3415
29768
17614
2129
913
25178
18506
15083
19044
6865
5192
24867
5876
14226
22412
18555
21908
15079
18783
1491
20924
13320
9337
20558
7290
28647
20175
28990
27381
22456
27066
15428
15065
20932
27986
25065
4546
16639
17715
5491
14600
9198
13943
4581
10201
28399
25895
1544
13375
10368
23157
20232
