4
9
15
17
19
20
23
23
24
298
27
36
37
38
39
39
39
43
47
54
59
63
66
66
72
78
80
80
92
94
101
102
110
110
111
121
123
130
132
139
140
143
143
146
148
149
153
155
155
155
158
162
162
163
165
174
180
182
187
189
190
191
193
196
199
202
211
213
219
228
239
240
246
247
248
250
256
257
258
269
270
273
278
290
292
296
297
297
26
304
306
315
317
326
327
327
330
341
346
351
363
364
366
367
367
368
370
373
377
378
380
385
387
388
389
392
393
394
395
408
578
414
418
419
419
420
427
428
429
429
432
433
434
434
440
444
444
11
445
446
455
456
461
467
467
467
470
480
481
487
487
488
493
494
495
497
507
523
524
524
527
527
527
530
530
531
532
535
543
545
548
552
553
558
560
563
564
568
570
572
577
578
582
582
583
584
592
595
600
604
607
609
610
613
615
618
12
620
621
622
629
641
641
641
645
651
654
656
656
661
661
663
664
669
669
670
675
676
677
677
685
690
692
922
696
699
700
706
707
717
721
725
726
727
729
732
733
735
737
739
749
749
752
756
758
760
760
762
762
762
764
764
770
772
772
779
783
783
786
789
796
797
798
799
807
816
817
817
818
823
829
829
834
839
839
848
850
851
853
855
856
866
866
867
874
875
881
885
887
888
892
896
897
901
905
906
908
908
909
911
917
924
925
932
935
935
941
946
950
953
953
956
959
960
962
967
968
970
970
978
997
1001
1004
1005
1008
1019
1020
1025
1032
1033
1033
1035
1035
1039
1039
1056
1057
1062
1063
1074
1078
1080
1084
1096
1101
1102
1105
1110
1115
1116
1117
1117
1120
1122
1123
1123
1125
1127
1134
1140
1140
1147
1149
1152
1155
1158
1162
1164
1166
1171
1179
1180
1181
1192
1200
1200
1208
1208
1208
1211
1212
1215
1222
1224
1226
1227
1227
1229
1229
1234
1239
1244
1246
1250
1254
1258
1262
1264
1264
1265
1266
1267
1269
1269
1270
1271
1280
1283
1288
1289
1302
1303
1305
1305
1305
1306
1308
1315
1323
1325
1332
1334
1334
1346
1351
1355
1357
1358
1358
1359
1363
1364
1367
1373
1374
1375
1376
1376
1378
1382
1393
1397
1400
1401
1402
1408
1410
1411
1412
1413
1418
1419
1420
1422
1425
1425
1428
1430
1437
1448
1458
1459
1464
1466
1474
1475
1478
1482
1485
1488
1493
1497
1499
1505
1506
1510
1521
1523
1523
1524
1525
1527
1529
1532
1545
1549
1556
1560
1563
1567
1569
1570
1570
1570
1572
1574
1574
1575
1578
1578
1582
1587
1592
1597
1606
1608
1610
1611
1612
1613
1614
1619
1619
1619
1624
1632
1640
1645
1653
1657
1657
1658
1658
1670
1673
1675
1677
1677
1678
1681
1685
1685
1686
1692
1693
1694
1694
1698
1698
1699
1704
1710
1712
1718
1723
1726
1726
1733
1737
1741
1742
1742
1743
1757
1758
1758
1767
1770
1774
1774
1774
1777
1777
1780
1781
1791
1795
1802
1805
1809
1813
1815
1815
1823
1826
1828
1834
1835
1837
1838
1840
1841
1842
1843
1843
1844
1845
1850
1853
1853
1855
1858
1860
1864
1864
1868
1868
1870
1870
1870
1870
1873
1874
1878
1881
1886
1889
1890
1891
1895
1897
1898
1899
1899
1904
1905
1909
1913
1914
1915
1915
1922
1926
1928
1928
1930
1936
1937
1947
1947
1947
1951
1955
1955
1956
1960
1964
1965
1970
1973
1977
1978
1985
1986
1989
1991
1993
1996
2000
2001
2003
2008
2008
2014
2015
2015
2018
2020
2024
2026
2030
2031
2032
2032
2037
2038
2039
2040
2043
2045
2046
2053
2065
2067
2075
2075
2090
2096
2100
2101
2103
2106
2112
2113
2113
2116
2117
2124
2125
2133
2134
2135
2140
2143
2148
2148
2149
2149
2150
2152
2157
2158
2158
2159
2162
2165
2167
2168
2172
2173
2179
2183
2189
2194
2199
2203
2205
2205
2207
2209
2209
2215
2227
2228
2229
2230
2232
2234
2237
2238
2239
2244
2244
2249
2249
2249
2254
2255
2260
2262
2263
2267
2272
2272
2274
2278
2279
2280
2283
2286
2287
2292
2295
2296
2297
2297
2298
2299
2305
2312
2315
2318
2322
2335
2336
2338
2343
2345
2347
2347
2349
2350
2351
2354
2355
2360
2365
2369
2371
2373
2375
2382
2385
2386
2388
2389
2389
2393
2394
2397
2401
2402
2403
2403
2403
2404
2408
2408
2409
2410
2411
2416
2426
2432
2434
2437
2441
2445
2446
2447
2454
2454
2457
2457
2467
2469
2471
2477
2478
2487
2494
2496
2496
2499
2503
2509
2511
2511
2513
2518
2519
2519
2523
2525
2526
2528
2530
2531
2532
2537
2537
2540
2542
2542
2542
2543
2544
2547
2547
2561
2562
2562
2562
2564
2570
2574
2577
2578
2582
2584
2588
2588
2595
2596
2597
2599
2600
2600
2601
2612
2618
2624
2625
2627
2627
2628
2629
2632
2634
2635
2639
2639
2641
2643
2652
2654
2662
2663
2664
2665
2673
2682
2687
2689
2690
2691
2694
2698
2701
2702
2702
2703
2703
2704
2712
2717
2718
2724
2724
2730
2734
2735
2736
2739
2740
2740
2741
2743
2747
2750
2755
2755
2756
2757
2762
2771
2776
2776
2780
2785
2789
2791
2792
2795
2801
2803
2808
2809
2811
2812
2813
2825
2825
2826
2832
2838
2840
2842
2845
2847
2847
2850
2853
2858
2859
2863
2866
2867
2877
2878
2880
2880
2880
2882
2886
2887
2893
2894
2899
2900
2905
2908
2919
2922
2924
2924
2927
2932
2932
2935
2935
2938
2939
2946
2948
2948
2950
2951
2952
2952
2954
2963
2964
2968
2976
2976
2980
2986
2995
2997
