1709
1882
1491
280
1431
1062
50
1738
847
392
1185
254
428
825
1081
957
958
253
694
1566
1644
669
83
30
295
814
594
1009
102
1956
562
601
1239
1
1092
757
383
762
264
717
1712
1264
985
1430
80
362
1057
529
557
184
1899
922
614
1609
1116
797
835
511
1415
322
363
1655
60
146
65
1369
1750
735
1160
1674
559
593
195
1655
107
86
442
1452
211
1119
467
1299
1103
393
839
318
232
1707
59
807
7
1678
1586
1358
391
60
1306
43
161
1483
